1	0
1	300000
1	320000
1	340000
1	740000
1	780000
1	800000
1	880000
1	920000
1	980000
1	1000000
1	1020000
1	1040000
1	1380000
1	1400000
1	1900000
1	2080000
1	2420000
1	2520000
1	2840000
1	2860000
1	3420000
1	3440000
1	3640000
1	3700000
1	3720000
1	3760000
1	4260000
1	4280000
1	4300000
1	4340000
1	4720000
1	4740000
1	5580000
1	5600000
1	5620000
1	6720000
1	6860000
1	7380000
1	7400000
1	8020000
1	8040000
1	8060000
1	8160000
1	8180000
1	8580000
1	8600000
1	8980000
1	9000000
1	9580000
1	9600000
1	9800000
1	9820000
1	10220000
1	10240000
1	10700000
1	10720000
1	10960000
1	10980000
1	11400000
1	11420000
1	11440000
1	11580000
1	11600000
1	12020000
1	12080000
1	12600000
1	12620000
1	12840000
1	13140000
1	13160000
1	13180000
1	13880000
1	13900000
1	13920000
1	13940000
1	14360000
1	14440000
1	14700000
1	14720000
1	14740000
1	15000000
1	15020000
1	15220000
1	15400000
1	15420000
1	15540000
1	15840000
1	15860000
1	16040000
1	16160000
1	16180000
1	17320000
1	17680000
1	17700000
1	17960000
1	18160000
1	18180000
1	19040000
1	19060000
1	19360000
1	20220000
1	20240000
1	20480000
1	20500000
1	20520000
1	20560000
1	21000000
1	21020000
1	21040000
1	21920000
1	21940000
1	21960000
1	22440000
1	23080000
1	23100000
1	23320000
1	23340000
1	23360000
1	23560000
1	23580000
1	23600000
1	23620000
1	24480000
1	24500000
1	24860000
1	24900000
1	25040000
1	25400000
1	25420000
1	25440000
1	25460000
1	26560000
1	26600000
1	27040000
1	27060000
1	27440000
1	27460000
1	28560000
1	28580000
1	28840000
1	28860000
1	29100000
1	29120000
1	29140000
1	29160000
1	29620000
1	29640000
1	29720000
1	30120000
1	30240000
1	30260000
1	30720000
1	30740000
1	30840000
1	31020000
1	31040000
1	31060000
1	31320000
1	31340000
1	31640000
1	33020000
1	33040000
1	33060000
1	33540000
1	33560000
1	33780000
1	33900000
1	33920000
1	34100000
1	34120000
1	34500000
1	34520000
1	34900000
1	34920000
1	34940000
1	35160000
1	35180000
1	35700000
1	35720000
1	36300000
1	36340000
1	36600000
1	36620000
1	36640000
1	37540000
1	37560000
1	37600000
1	37860000
1	37880000
1	37900000
1	38220000
1	38260000
1	38280000
1	38920000
1	38960000
1	38980000
1	39560000
1	39580000
1	39680000
1	39940000
1	39960000
1	40440000
1	40460000
1	40480000
1	40800000
1	40820000
1	41420000
1	41680000
1	41700000
1	41740000
1	42260000
1	42280000
1	42860000
1	42880000
1	42900000
1	43200000
1	43220000
1	43240000
1	43400000
1	43420000
1	43440000
1	43940000
1	44160000
1	44180000
1	44660000
1	44680000
1	44720000
1	44740000
1	44900000
1	44920000
1	45240000
1	45280000
1	45300000
1	45420000
1	45440000
1	45620000
1	45640000
1	45740000
1	45800000
1	46000000
1	46020000
1	46660000
1	46740000
1	47240000
1	47280000
1	47420000
1	47740000
1	47760000
1	47920000
1	48060000
1	48160000
1	48180000
1	48200000
1	48220000
1	48720000
1	48740000
1	49060000
1	49180000
1	49200000
1	49220000
1	49260000
1	49440000
1	49460000
1	49740000
1	49760000
1	49920000
1	50120000
1	50180000
1	50660000
1	50680000
1	50760000
1	50820000
1	50840000
1	51140000
1	51160000
1	51180000
1	51220000
1	51240000
1	51720000
1	51740000
1	51820000
1	52140000
1	52160000
1	52180000
1	52640000
1	52980000
1	53000000
1	53340000
1	53640000
1	53660000
1	53680000
1	53900000
1	53920000
1	54300000
1	54320000
1	54740000
1	54760000
1	54840000
1	54860000
1	55120000
1	55140000
1	55520000
1	55540000
1	55720000
1	55740000
1	56160000
1	56360000
1	56380000
1	56620000
1	56640000
1	56700000
1	56720000
1	56960000
1	56980000
1	57020000
1	57340000
1	57500000
1	57540000
1	57560000
1	57580000
1	58200000
1	58400000
1	58420000
1	58940000
1	58960000
1	58980000
1	59600000
1	59640000
1	59660000
1	59900000
1	59920000
1	60300000
1	60360000
1	60520000
1	60540000
1	60960000
1	60980000
1	61020000
1	61120000
1	61140000
1	61640000
1	61800000
1	61820000
1	61840000
1	61880000
1	62140000
1	62500000
1	62540000
1	62780000
1	62820000
1	62840000
1	62920000
1	62940000
1	63160000
1	63180000
1	63880000
1	63980000
1	64580000
1	65160000
1	65180000
1	65400000
1	65420000
1	65440000
1	66560000
1	66900000
1	67200000
1	67240000
1	67580000
1	67900000
1	67960000
1	68020000
1	68120000
1	68140000
1	68160000
1	68320000
1	68340000
1	68500000
1	68520000
1	68540000
1	69080000
1	69100000
1	69140000
1	69160000
1	69800000
1	69820000
1	69860000
1	70200000
1	70220000
1	70520000
1	70540000
1	70860000
1	71340000
1	71360000
1	71380000
1	71620000
1	71660000
1	71800000
1	71820000
1	72040000
1	72060000
1	72100000
1	72620000
1	72640000
1	73160000
1	73180000
1	73360000
1	73380000
1	73680000
1	73700000
1	73720000
1	74860000
1	75220000
1	75240000
1	75420000
1	75440000
1	75480000
1	75600000
1	75620000
1	75640000
1	76000000
1	76280000
1	76300000
1	76520000
1	76660000
1	77120000
1	77140000
1	77480000
1	77520000
1	77540000
1	77580000
1	78020000
1	78040000
1	78300000
1	78320000
1	78500000
1	78520000
1	78540000
1	78700000
1	78720000
1	78740000
1	78760000
1	78800000
1	79100000
1	79300000
1	79900000
1	79920000
1	80140000
1	80180000
1	80200000
1	80660000
1	80680000
1	80960000
1	81000000
1	81200000
1	81220000
1	81400000
1	81420000
1	81460000
1	81600000
1	81640000
1	81720000
1	81740000
1	82080000
1	82100000
1	82120000
1	82600000
1	82620000
1	82640000
1	82660000
1	83020000
1	83040000
1	83220000
1	83960000
1	84000000
1	84020000
1	84040000
1	84260000
1	84280000
1	84340000
1	84520000
1	84540000
1	84780000
1	85240000
1	85280000
1	85380000
1	85680000
1	85700000
1	85720000
1	86080000
1	86100000
1	86480000
1	86760000
1	87120000
1	87140000
1	87700000
1	87720000
1	87760000
1	87780000
1	88440000
1	88460000
1	88740000
1	88840000
1	88860000
1	89660000
1	89680000
1	90060000
1	90080000
1	90740000
1	90760000
1	90860000
1	91020000
1	91100000
1	91120000
1	91140000
1	92160000
1	92180000
1	92660000
1	92980000
1	93000000
1	93180000
1	93220000
1	93240000
1	93300000
1	93920000
1	93940000
1	93960000
1	94300000
1	94320000
1	94340000
1	94380000
1	94480000
1	94500000
1	94520000
1	95420000
1	95440000
1	95460000
1	95920000
1	96920000
1	96940000
1	96960000
1	97440000
1	97460000
1	98000000
1	98020000
1	98800000
1	99440000
1	99460000
1	100100000
1	100120000
1	100800000
1	101000000
1	101020000
1	102060000
1	102080000
1	102440000
1	103300000
1	103320000
1	103820000
1	103840000
1	103860000
1	104320000
1	104340000
1	104360000
1	104820000
1	104840000
1	104860000
1	105320000
1	105340000
1	105860000
1	105880000
1	105900000
1	106020000
1	106040000
1	106420000
1	106440000
1	106620000
1	106900000
1	106920000
1	106940000
1	107300000
1	107320000
1	107340000
1	108000000
1	108360000
1	108380000
1	108400000
1	108560000
1	108580000
1	108600000
1	108860000
1	108880000
1	108900000
1	109320000
1	109340000
1	109680000
1	109700000
1	109720000
1	109740000
1	109760000
1	110220000
1	110580000
1	111040000
1	111060000
1	111380000
1	111400000
1	111420000
1	111660000
1	111680000
1	111720000
1	112100000
1	112120000
1	112140000
1	112540000
1	112560000
1	112580000
1	113220000
1	113320000
1	113340000
1	113360000
1	113640000
1	114260000
1	114280000
1	114540000
1	114560000
1	114580000
1	114780000
1	114800000
1	114880000
1	115320000
1	115460000
1	115540000
1	115560000
1	115580000
1	115660000
1	115680000
1	115720000
1	115740000
1	115760000
1	115920000
1	116140000
1	116160000
1	116480000
1	116840000
1	116860000
1	116880000
1	117460000
1	117480000
1	118260000
1	118280000
1	118300000
1	118320000
1	119180000
1	119200000
1	119240000
1	119660000
1	119700000
1	119780000
1	119800000
1	120520000
1	121240000
1	121340000
1	121360000
1	121700000
1	121820000
1	121840000
1	122080000
1	122360000
1	122860000
1	123000000
1	123220000
1	123240000
1	123280000
1	123500000
1	123520000
1	123540000
1	123560000
1	124160000
1	124180000
1	124200000
1	124440000
1	124880000
1	124900000
1	125380000
1	125500000
1	125520000
1	125740000
1	125760000
1	125780000
1	125800000
1	126360000
1	126380000
1	126400000
1	127020000
1	127040000
1	127500000
1	127520000
1	127540000
1	128140000
1	128160000
1	128180000
1	128200000
1	128660000
1	129360000
1	129380000
1	129920000
1	129940000
1	130420000
1	130440000
1	130580000
1	130600000
1	130620000
1	131240000
1	131260000
1	131400000
1	131700000
1	131760000
1	131900000
1	131920000
1	131940000
1	132620000
1	132640000
1	133220000
1	133240000
1	133960000
1	133980000
1	134440000
1	134800000
1	134820000
1	134840000
1	134900000
1	135340000
1	135360000
1	135380000
1	136360000
1	136400000
1	136440000
1	136520000
1	136920000
1	136940000
1	136960000
1	137580000
1	137600000
1	137760000
1	137780000
1	137800000
1	138280000
1	138300000
1	138840000
1	138900000
1	138920000
1	138940000
1	139140000
1	139280000
1	139300000
1	139620000
1	139640000
1	140160000
1	140180000
1	140400000
1	140420000
1	140440000
1	140780000
1	140800000
1	140820000
1	141280000
1	141420000
1	141600000
1	141620000
1	141640000
1	142280000
1	142300000
1	143320000
1	144240000
1	144300000
1	144320000
1	144640000
1	144660000
1	144680000
1	145100000
1	145120000
1	145400000
1	145420000
1	146000000
1	146040000
1	146080000
1	146300000
1	146320000
1	146600000
1	146620000
1	146960000
1	146980000
1	147400000
1	147480000
1	147600000
1	147920000
1	148700000
1	148720000
1	148740000
1	149300000
1	149320000
1	149500000
1	149520000
1	150160000
1	150820000
1	150840000
1	151620000
1	151640000
1	152160000
1	152180000
1	152200000
1	152240000
1	152840000
1	153100000
1	153780000
1	153800000
1	153820000
1	154040000
1	154500000
1	154520000
1	154540000
1	155220000
1	155260000
1	155420000
1	155440000
1	155460000
1	155860000
1	155880000
1	156380000
1	156420000
1	156540000
1	156560000
1	156580000
1	157220000
1	157240000
1	157620000
1	157640000
1	158000000
1	158040000
1	158060000
1	158640000
1	158860000
1	158880000
1	158920000
1	159380000
1	159400000
1	159420000
1	160360000
1	160380000
1	160420000
1	160440000
1	160900000
1	160960000
1	161320000
1	161360000
1	161920000
1	162360000
1	162480000
1	162500000
1	162980000
1	163000000
1	163020000
1	163540000
1	163560000
1	163580000
1	164020000
1	164900000
1	164920000
1	164940000
1	165220000
1	165640000
1	165660000
1	166100000
1	166820000
1	166840000
1	167080000
1	167240000
1	167260000
1	167720000
1	167740000
1	167980000
1	168500000
1	168760000
1	169100000
1	169120000
1	169440000
1	169460000
1	169600000
1	169640000
1	169660000
1	170080000
1	170100000
1	170160000
1	170180000
1	170680000
1	170700000
1	171400000
1	171460000
1	171660000
1	171800000
1	171820000
1	171840000
1	172260000
1	172660000
1	172800000
1	172820000
1	173320000
1	173360000
1	173380000
1	173680000
1	173700000
1	174020000
1	174060000
1	174080000
1	174220000
1	174240000
1	174700000
1	174720000
1	175240000
1	175320000
1	175340000
1	175820000
1	175840000
1	176240000
1	176260000
1	176380000
1	176800000
1	176820000
1	177120000
1	177140000
1	177420000
1	177780000
1	177800000
1	177820000
1	178100000
1	178120000
1	178460000
1	178480000
1	178520000
1	178540000
1	178720000
1	178740000
1	178760000
1	178780000
1	178960000
1	178980000
1	179260000
1	179280000
1	179880000
1	179900000
1	180180000
1	180200000
1	180420000
1	180440000
1	180460000
1	180520000
1	180640000
1	180660000
1	180680000
1	180920000
1	180940000
1	180960000
1	181060000
1	181080000
1	181720000
1	181740000
1	182440000
1	182460000
1	182480000
1	183680000
1	183820000
1	183960000
1	183980000
1	184160000
1	184200000
1	184420000
1	184440000
1	184760000
1	184800000
1	185380000
1	185400000
1	186220000
1	186240000
1	186560000
1	186580000
1	186800000
1	187120000
1	187680000
1	187700000
1	188060000
1	188080000
1	188100000
1	188280000
1	188300000
1	188920000
1	188940000
1	189780000
1	189800000
1	190060000
1	190080000
1	190440000
1	190460000
1	190780000
1	191120000
1	191140000
1	191160000
1	191540000
1	191600000
1	191780000
1	191800000
1	191820000
1	191840000
1	192420000
1	192500000
1	192820000
1	193900000
1	193920000
1	193940000
1	194020000
1	194420000
1	194440000
1	194460000
1	194640000
1	194700000
1	194720000
1	195180000
1	195200000
1	195680000
1	196020000
1	196060000
1	196100000
1	196500000
1	196520000
1	196640000
1	196660000
1	196680000
1	197080000
1	197100000
